2 2 0 0 0 0 1 
2.15966 1.98246 -0.000227063 -0.0111953 0.0410153 0.0287275 0.998683 
2.31933 1.96492 -0.000454126 -0.0223612 0.0819226 0.0573793 0.994734 
2.47899 1.94737 -0.000681188 -0.0334681 0.122614 0.0858799 0.988165 
2.63866 1.92983 -0.000908251 -0.0444869 0.162982 0.114154 0.978993 
2.79832 1.91229 -0.00113531 -0.0553885 0.202921 0.142128 0.967241 
2.95799 1.89475 -0.00136238 -0.0661441 0.242326 0.169727 0.952941 
3.11765 1.87721 -0.00158944 -0.0767255 0.281092 0.196879 0.93613 
3.27732 1.85967 -0.0018165 -0.0871047 0.319117 0.223512 0.916853 
3.43698 1.84212 -0.00204357 -0.0972544 0.356302 0.249557 0.89516 
3.59665 1.82458 -0.00227063 -0.107148 0.392548 0.274944 0.871109 
3.75631 1.80704 -0.00249769 -0.116759 0.42776 0.299606 0.844763 
3.91597 1.7895 -0.00272475 -0.126063 0.461844 0.32348 0.816192 
4.07564 1.77196 -0.00295182 -0.135034 0.494712 0.346501 0.78547 
4.2353 1.75442 -0.00317888 -0.14365 0.526277 0.368609 0.752678 
4.39497 1.73687 -0.00340594 -0.151887 0.556455 0.389746 0.717904 
4.55463 1.71933 -0.00363301 -0.159724 0.585167 0.409856 0.681238 
4.70409 1.61856 -0.00638556 -0.158848 0.610362 0.419183 0.653078 
4.85354 1.5178 -0.00913811 -0.157731 0.634633 0.427876 0.623927 
5.00299 1.41703 -0.0118907 -0.156375 0.657941 0.435919 0.593831 
5.15245 1.31626 -0.0146432 -0.154782 0.680252 0.443302 0.562834 
5.3019 1.21549 -0.0173958 -0.152955 0.701533 0.450014 0.530985 
5.45135 1.11473 -0.0201483 -0.150895 0.721749 0.456043 0.498331 
5.60081 1.01396 -0.0229009 -0.148607 0.740873 0.461381 0.464921 
5.75026 0.91319 -0.0256534 -0.146094 0.758873 0.466019 0.430807 
5.89971 0.812423 -0.028406 -0.143359 0.775723 0.469952 0.39604 
5.82056 0.695238 0.0561109 -0.140194 0.758596 0.459576 0.440076 
5.74141 0.578054 0.140628 -0.136699 0.739687 0.44812 0.483078 
5.66225 0.46087 0.225145 -0.132883 0.71904 0.435612 0.524944 
5.5831 0.343685 0.309662 -0.128755 0.696702 0.422079 0.565577 
5.50394 0.226501 0.394179 -0.124325 0.672727 0.407554 0.604881 
5.42479 0.109317 0.478696 -0.119602 0.647171 0.392072 0.642763 
5.34563 -0.00786737 0.563212 -0.114598 0.620095 0.375668 0.679134 
5.26648 -0.125052 0.647729 -0.109324 0.591561 0.358382 0.71391 
5.18732 -0.242236 0.732246 -0.103794 0.561636 0.340253 0.747007 
5.10817 -0.35942 0.816763 -0.09802 0.530392 0.321324 0.778349 
5.02901 -0.476604 0.90128 -0.0920154 0.497901 0.30164 0.807862 
4.94986 -0.593789 0.985797 -0.0857947 0.46424 0.281248 0.835476 
4.8707 -0.710973 1.07031 -0.0793723 0.429488 0.260194 0.861127 
4.79155 -0.828157 1.15483 -0.0727633 0.393727 0.238529 0.884753 
4.71239 -0.945342 1.23935 -0.0659834 0.35704 0.216303 0.906301 
4.63324 -1.06253 1.32386 -0.0590484 0.319514 0.193569 0.925719 
4.55408 -1.17971 1.40838 -0.0519746 0.281238 0.170381 0.942961 
4.47493 -1.29689 1.4929 -0.0447786 0.2423 0.146791 0.957986 
4.39577 -1.41408 1.57742 -0.0374775 0.202793 0.122857 0.970761 
4.31662 -1.53126 1.66193 -0.0300882 0.162809 0.0986337 0.981254 
4.23746 -1.64845 1.74645 -0.0226283 0.122443 0.0741788 0.989441 
4.15831 -1.76563 1.83097 -0.0151151 0.0817888 0.0495496 0.995302 
4.07915 -1.88282 1.91548 -0.00756645 0.0409425 0.024804 0.998825 
4 -2 2 0 0 0 1 

